25.965801139962004
25.742574257425744
25.742574257425744
25.742574257425744
26.076409945421467
25.742574257425744
26.182432432432435
25.742574257425744
25.742574257425744
26.46153846153846
25.742574257425744
25.742574257425744
26.418786692759294
25.742574257425744
25.742574257425744
25.742574257425744
26.153846153846153
27.397260273972602
25.742574257425744
25.742574257425744
25.742574257425744
26.217228464419474
25.742574257425744
25.742574257425744
25.742574257425744
25.742574257425744
26.418786692759294
25.742574257425744
25.742574257425744
25.742574257425744
25.839793281653748
26.92998204667863
25.742574257425744
25.742574257425744
25.742574257425744
25.742574257425744
25.9525124240751
25.742574257425744
25.742574257425744
26.794258373205743
25.742574257425744
25.94706798131811
25.742574257425744
26.639344262295083
25.742574257425744
25.742574257425744
25.742574257425744
26.581118240146655
25.742574257425744
25.742574257425744
25.742574257425744
26.666666666666668
25.742574257425744
25.742574257425744
25.742574257425744
25.742574257425744
43.01075268817204
25.742574257425744
25.742574257425744
25.742574257425744
26.062322946175637
25.742574257425744
25.742574257425744
26.418786692759294
25.742574257425744
25.742574257425744
25.742574257425744
30.67484662576687
25.742574257425744
25.742574257425744
26.315789473684212
25.742574257425744
26.12994350282486
25.742574257425744
25.742574257425744
25.742574257425744
25.742574257425744
25.742574257425744
25.742574257425744
26.12994350282486
25.742574257425744
25.742574257425744
26.27737226277372
25.742574257425744
25.742574257425744
25.742574257425744
25.742574257425744
26.418786692759294
26.418786692759294
25.742574257425744
25.742574257425744
26.418786692759294
26.881720430107528
25.742574257425744
25.742574257425744
26.418786692759294
25.742574257425744
25.742574257425744
26.076409945421467
25.742574257425744
25.742574257425744
26.109660574412533
25.742574257425744
24.834437086092716
25.742574257425744
25.742574257425744
25.742574257425744
25.742574257425744
25.742574257425744
25.742574257425744
25.742574257425744
25.742574257425744
26.435045317220542
25.742574257425744
25.742574257425744
25.742574257425744
25.742574257425744
26.315789473684212
25.742574257425744
25.742574257425744
25.089605734767023
25.742574257425744
25.742574257425744
26.581118240146655
14.09553641346907
25.742574257425744
25.742574257425744
25.727069351230426
25.742574257425744
25.742574257425744
26.624902114330464
25.742574257425744
25.742574257425744
26.182432432432435
25.742574257425744
25.862068965517242
25.742574257425744
25.742574257425744
25.835866261398177
25.742574257425744
25.742574257425744
27.2596843615495
25.742574257425744
25.742574257425744
25.983667409057166
25.742574257425744
25.742574257425744
26.362038664323375
26.418786692759294
25.742574257425744
25.86206896551724
25.742574257425744
25.742574257425744
25.742574257425744
26.418786692759294
26.418786692759294
25.742574257425744
25.247524752475247
25.742574257425744
25.73529411764706
25.742574257425744
25.742574257425744
25.839793281653748
25.742574257425744
26.418786692759294
25.742574257425744
25.742574257425744
26.418786692759294
25.742574257425744
25.742574257425744
25.958702064896755
25.742574257425744
25.742574257425744
43.01075268817204
25.742574257425744
26.109660574412533
25.742574257425744
25.742574257425744
26.418786692759294
25.742574257425744
20.792079207920793
25.440313111545986
25.742574257425744
25.742574257425744
25.742574257425744
25.742574257425744
25.742574257425744
25.742574257425744
25.73529411764706
25.742574257425744
25.742574257425744
26.217228464419474
25.742574257425744
25.742574257425744
25.742574257425744
26.490066225165563
25.742574257425744
25.742574257425744
26.624902114330464
25.742574257425744
25.742574257425744
25.742574257425744
25.742574257425744
32.25806451612903
25.742574257425744
26.362038664323375
25.742574257425744
25.742574257425744
25.742574257425744
25.742574257425744
25.742574257425744
28.57142857142857
25.742574257425744
25.958702064896755
25.742574257425744
25.742574257425744
25.742574257425744
32.25806451612903
25.742574257425744
25.742574257425744
26.418786692759294
25.742574257425744
25.742574257425744
25.742574257425744
25.995125913891144
25.742574257425744
25.742574257425744
25.742574257425744
27.69230769230769
25.742574257425744
25.742574257425744
26.881720430107528
25.742574257425744
25.742574257425744
25.742574257425744
25.742574257425744
26.362038664323375
25.742574257425744
25.742574257425744
26.12994350282486
24.193548387096776
25.742574257425744
25.742574257425744
25.742574257425744
25.742574257425744
25.742574257425744
25.742574257425744
25.742574257425744
25.965801139962004
25.742574257425744
25.742574257425744
25.742574257425744
25.742574257425744
25.742574257425744
25.742574257425744
25.965801139962004
26.418786692759294
20.297029702970296
25.94706798131811
25.742574257425744
25.742574257425744
25.742574257425744
32.25806451612903
25.742574257425744
25.742574257425744
25.73529411764706
25.742574257425744
26.12994350282486
25.742574257425744
25.742574257425744
25.742574257425744
25.742574257425744
25.742574257425744
25.742574257425744
25.742574257425744
25.844930417495032
25.742574257425744
25.742574257425744
25.832376578645235
25.742574257425744
25.742574257425744
25.31645569620253
25.742574257425744
25.841816758026628
25.742574257425744
25.983667409057166
25.742574257425744
25.742574257425744
26.418786692759294
25.958702064896755
25.742574257425744
25.742574257425744
25.727069351230426
25.742574257425744
25.742574257425744
26.418786692759294
25.742574257425744
25.742574257425744
26.435045317220542
26.38888888888889
25.742574257425744
25.742574257425744
26.182432432432435
25.742574257425744
25.742574257425744
26.062322946175637
25.742574257425744
26.362038664323375
22.77227722772277
25.742574257425744
25.742574257425744
25.742574257425744
25.965801139962004
25.742574257425744
25.742574257425744
25.742574257425744
25.742574257425744
26.153846153846153
25.742574257425744
25.742574257425744
25.742574257425744
25.742574257425744
25.31645569620253
25.742574257425744
25.742574257425744
25.742574257425744
25.742574257425744
25.742574257425744
25.983667409057166
25.742574257425744
25.742574257425744
25.742574257425744
25.742574257425744
25.742574257425744
28.776978417266186
25.742574257425744
26.182432432432435
25.742574257425744
25.742574257425744
25.742574257425744
26.27737226277372
25.742574257425744
28.231797919762258
25.742574257425744
25.742574257425744
25.742574257425744
25.742574257425744
25.742574257425744
26.260504201680675
25.742574257425744
28.673835125448026
25.742574257425744
25.742574257425744
26.109660574412533
25.742574257425744
25.742574257425744
24.834437086092716
25.742574257425744
25.742574257425744
25.742574257425744
25.742574257425744
25.862068965517242
25.742574257425744
25.742574257425744
25.641025641025642
25.742574257425744
25.742574257425744
25.742574257425744
25.742574257425744
25.742574257425744
25.742574257425744
26.315789473684212
25.742574257425744
25.742574257425744
25.742574257425744
25.742574257425744
25.742574257425744
27.210884353741495
25.134649910233392
25.742574257425744
25.742574257425744
25.742574257425744
25.742574257425744
25.742574257425744
25.742574257425744
25.742574257425744
25.742574257425744
26.418786692759294
25.742574257425744
24.615384615384613
25.742574257425744
25.742574257425744
25.742574257425744
25.742574257425744
25.742574257425744
25.742574257425744
25.742574257425744
25.742574257425744
25.134649910233392
25.742574257425744
26.362038664323375
25.742574257425744
25.742574257425744
25.742574257425744
26.31578947368421
25.742574257425744
25.742574257425744
25.742574257425744
26.418786692759294
25.742574257425744
22.77227722772277
25.86206896551724
25.742574257425744
25.742574257425744
26.19324796274738
25.742574257425744
25.538307461191785
25.742574257425744
26.418786692759294
25.742574257425744
25.742574257425744
26.701119724375538
25.742574257425744
25.742574257425744
25.862068965517242
25.742574257425744
25.742574257425744
25.742574257425744
26.418786692759294
25.742574257425744
26.217228464419474
25.742574257425744
26.315789473684212
25.742574257425744
25.742574257425744
25.94706798131811
25.742574257425744
25.742574257425744
25.742574257425744
25.742574257425744
25.7177033492823
25.742574257425744
25.742574257425744
25.742574257425744
26.153846153846153
25.742574257425744
25.742574257425744
25.742574257425744
26.418786692759294
24.94331065759637
25.742574257425744
25.742574257425744
25.742574257425744
25.742574257425744
25.742574257425744
25.742574257425744
26.217228464419474
25.983667409057166
25.742574257425744
25.742574257425744
26.418786692759294
25.742574257425744
26.418786692759294
25.742574257425744
25.742574257425744
25.742574257425744
25.742574257425744
25.742574257425744
26.639344262295083
25.995125913891144
25.742574257425744
25.742574257425744
25.742574257425744
25.742574257425744
25.742574257425744
26.19324796274738
25.742574257425744
25.742574257425744
25.742574257425744
25.742574257425744
25.742574257425744
25.86206896551724
25.742574257425744
25.742574257425744
26.418786692759294
26.109660574412533
25.742574257425744
25.742574257425744
25.742574257425744
25.742574257425744
28.673835125448026
25.742574257425744
25.742574257425744
25.742574257425744
25.742574257425744
25.727069351230426
25.742574257425744
25.742574257425744
26.244952893674295
26.182432432432435
25.742574257425744
25.742574257425744
25.742574257425744
25.742574257425744
25.742574257425744
27.397260273972602
25.742574257425744
25.742574257425744
25.742574257425744
26.418786692759294
25.742574257425744
25.742574257425744
25.742574257425744
25.742574257425744
25.742574257425744
43.47826086956522
25.742574257425744
25.742574257425744
26.418786692759294
25.742574257425744
25.983667409057166
25.742574257425744
25.742574257425744
25.742574257425744
25.742574257425744
25.742574257425744
25.742574257425744
25.742574257425744
25.742574257425744
25.742574257425744
25.837320574162682
25.742574257425744
26.182432432432435
25.742574257425744
24.615384615384613
25.742574257425744
25.742574257425744
25.742574257425744
25.742574257425744
26.418786692759294
25.742574257425744
26.507620941020544
26.418786692759294
25.742574257425744
25.742574257425744
22.277227722772277
26.435045317220542
25.742574257425744
26.418786692759294
23.762376237623762
25.742574257425744
26.917900403768506
25.742574257425744
25.742574257425744
25.742574257425744
28.57142857142857
25.742574257425744
25.742574257425744
25.742574257425744
25.742574257425744
25.742574257425744
25.742574257425744
25.846153846153847
25.839793281653748
25.742574257425744
25.742574257425744
26.418786692759294
25.742574257425744
25.742574257425744
25.86206896551724
25.742574257425744
26.418786692759294
25.742574257425744
25.742574257425744
25.742574257425744
25.843503230437904
25.742574257425744
25.742574257425744
25.742574257425744
25.742574257425744
27.848101265822784
25.742574257425744
25.742574257425744
25.742574257425744
25.742574257425744
25.742574257425744
26.182432432432435
25.742574257425744
25.742574257425744
26.418786692759294
25.742574257425744
26.418786692759294
32.25806451612903
25.742574257425744
25.742574257425744
26.418786692759294
25.742574257425744
25.742574257425744
25.742574257425744
25.742574257425744
25.974025974025974
26.418786692759294
25.742574257425744
25.742574257425744
25.70694087403599
25.742574257425744
25.742574257425744
26.905829596412556
25.742574257425744
28.57142857142857
25.742574257425744
25.742574257425744
25.742574257425744
32.25806451612903
25.742574257425744
25.742574257425744
25.742574257425744
25.727069351230426
25.742574257425744
25.742574257425744
25.742574257425744
26.19324796274738
25.627044711014175
25.742574257425744
25.742574257425744
25.742574257425744
25.742574257425744
25.742574257425744
27.69230769230769
25.742574257425744
25.742574257425744
25.742574257425744
25.742574257425744
25.843503230437904
25.742574257425744
25.742574257425744
25.742574257425744
25.742574257425744
25.742574257425744
26.109660574412533
25.742574257425744
25.742574257425744
26.076409945421467
25.742574257425744
25.742574257425744
26.881720430107528
25.742574257425744
25.742574257425744
24.257425742574256
26.362038664323375
25.742574257425744
26.418786692759294
25.742574257425744
25.742574257425744
25.70694087403599
25.742574257425744
25.742574257425744
25.742574257425744
25.742574257425744
26.490066225165563
25.742574257425744
25.742574257425744
25.742574257425744
25.742574257425744
26.418786692759294
25.742574257425744
25.742574257425744
25.742574257425744
25.742574257425744
25.983667409057166
25.742574257425744
43.47826086956522
25.742574257425744
25.742574257425744
26.12994350282486
25.742574257425744
25.742574257425744
25.832376578645235
25.742574257425744
25.742574257425744
26.418786692759294
25.742574257425744
18.81188118811881
26.418786692759294
25.742574257425744
25.86206896551724
25.742574257425744
25.742574257425744
25.742574257425744
25.247524752475247
25.742574257425744
26.881720430107528
25.742574257425744
25.742574257425744
25.742574257425744
25.31645569620253
25.742574257425744
25.742574257425744
25.742574257425744
25.742574257425744
25.742574257425744
24.94331065759637
25.742574257425744
25.742574257425744
25.742574257425744
25.742574257425744
25.742574257425744
25.9525124240751
25.742574257425744
25.742574257425744
26.418786692759294
25.742574257425744
25.742574257425744
25.742574257425744
25.742574257425744
25.742574257425744
26.153846153846153
25.742574257425744
25.495750708215297
25.742574257425744
25.742574257425744
25.742574257425744
25.839793281653748
25.742574257425744
25.742574257425744
25.862068965517242
25.742574257425744
25.742574257425744
25.834230355220665
25.742574257425744
25.742574257425744
25.742574257425744
25.742574257425744
25.742574257425744
25.742574257425744
25.9525124240751
26.31578947368421
25.742574257425744
25.742574257425744
26.418786692759294
25.742574257425744
25.742574257425744
25.7177033492823
25.742574257425744
25.742574257425744
26.182432432432435
25.742574257425744
25.742574257425744
25.742574257425744
26.418786692759294
25.742574257425744
25.742574257425744
25.742574257425744
25.742574257425744
26.153846153846153
25.742574257425744
27.69230769230769
25.742574257425744
25.742574257425744
25.742574257425744
25.742574257425744
25.742574257425744
26.182432432432435
26.315789473684212
25.742574257425744
25.742574257425744
25.742574257425744
25.742574257425744
25.742574257425744
27.2596843615495
25.742574257425744
25.742574257425744
26.076409945421467
25.742574257425744
25.742574257425744
25.742574257425744
25.742574257425744
30.67484662576687
25.742574257425744
25.742574257425744
26.418786692759294
25.742574257425744
26.418786692759294
21.287128712871286
25.958702064896755
25.742574257425744
25.742574257425744
27.4079874706343
25.742574257425744
25.742574257425744
25.742574257425744
25.742574257425744
26.418786692759294
26.905829596412556
25.742574257425744
26.418786692759294
25.742574257425744
25.742574257425744
26.881720430107528
25.742574257425744
25.742574257425744
25.958702064896755
25.742574257425744
25.742574257425744
25.742574257425744
26.418786692759294
8.910891089108912
25.742574257425744
28.57142857142857
25.742574257425744
25.742574257425744
26.418786692759294
25.742574257425744
25.742574257425744
25.742574257425744
25.742574257425744
26.182432432432435
25.742574257425744
25.742574257425744
25.742574257425744
25.742574257425744
25.742574257425744
25.742574257425744
24.834437086092716
25.742574257425744
26.418786692759294
25.742574257425744
26.182432432432435
25.742574257425744
26.12994350282486
25.742574257425744
25.742574257425744
25.742574257425744
25.742574257425744
25.742574257425744
21.73913043478261
25.742574257425744
25.742574257425744
25.742574257425744
25.742574257425744
26.507620941020544
25.742574257425744
25.742574257425744
26.561378320172288
25.742574257425744
86.95652173913044
25.742574257425744
25.742574257425744
25.742574257425744
25.965801139962004
25.742574257425744
27.98708288482239
25.742574257425744
25.742574257425744
26.076409945421467
25.742574257425744
25.742574257425744
25.742574257425744
25.742574257425744
25.593008739076154
25.742574257425744
26.109660574412533
25.742574257425744
25.742574257425744
25.742574257425744
25.742574257425744
25.742574257425744
32.25806451612903
25.742574257425744
25.742574257425744
28.776978417266186
26.418786692759294
25.742574257425744
26.153846153846153
25.742574257425744
26.418786692759294
25.742574257425744
25.742574257425744
25.742574257425744
25.86206896551724
25.742574257425744
25.742574257425744
26.418786692759294
25.742574257425744
25.742574257425744
25.742574257425744
25.742574257425744
26.052104208416832
25.742574257425744
25.742574257425744
25.742574257425744
26.639344262295083
25.742574257425744
26.076409945421467
25.742574257425744
25.742574257425744
25.9525124240751
25.742574257425744
25.742574257425744
25.742574257425744
27.77777777777778
25.742574257425744
25.742574257425744
25.742574257425744
25.742574257425744
25.742574257425744
25.742574257425744
25.742574257425744
25.440313111545986
26.582278481012658
25.742574257425744
25.742574257425744
25.742574257425744
25.742574257425744
25.742574257425744
25.839793281653748
25.742574257425744
25.742574257425744
25.742574257425744
26.362038664323375
25.742574257425744
25.862068965517242
25.742574257425744
25.742574257425744
26.418786692759294
25.742574257425744
25.742574257425744
25.958702064896755
25.742574257425744
25.995125913891144
25.742574257425744
25.742574257425744
25.742574257425744
25.727069351230426
26.418786692759294
25.742574257425744
25.742574257425744
25.742574257425744
25.846153846153847
25.742574257425744
25.70694087403599
25.742574257425744
25.742574257425744
25.742574257425744
25.742574257425744
25.518341307814993
25.742574257425744
25.742574257425744
25.31645569620253
25.742574257425744
25.742574257425744
25.742574257425744
26.31578947368421
25.742574257425744
26.049973418394472
25.742574257425744
26.362038664323375
26.418786692759294
16.831683168316832
25.742574257425744
26.418786692759294
25.974025974025974
25.742574257425744
25.742574257425744
25.742574257425744
25.86206896551724
25.742574257425744
25.742574257425744
25.742574257425744
25.742574257425744
25.742574257425744
25.641025641025642
25.742574257425744
25.742574257425744
25.742574257425744
27.77777777777778
25.742574257425744
25.742574257425744
25.835866261398177
25.742574257425744
25.742574257425744
25.742574257425744
25.742574257425744
25.742574257425744
25.742574257425744
26.666666666666668
25.742574257425744
25.742574257425744
25.742574257425744
26.153846153846153
25.742574257425744
25.742574257425744
25.742574257425744
25.742574257425744
25.742574257425744
26.418786692759294
26.418786692759294
25.742574257425744
25.31645569620253
25.742574257425744
25.742574257425744
25.742574257425744
26.418786692759294
25.742574257425744
26.049973418394472
25.742574257425744
25.742574257425744
25.742574257425744
26.27737226277372
25.742574257425744
25.742574257425744
25.742574257425744
25.742574257425744
25.983667409057166
25.742574257425744
26.418786692759294
25.742574257425744
25.742574257425744
25.742574257425744
25.843503230437904
25.742574257425744
26.052104208416832
25.742574257425744
25.742574257425744
25.742574257425744
25.742574257425744
26.076409945421467
25.742574257425744
26.27737226277372
25.742574257425744
26.666666666666668
25.742574257425744
25.742574257425744
25.742574257425744
25.742574257425744
25.995125913891144
25.742574257425744
25.742574257425744
25.742574257425744
26.581118240146655
25.742574257425744
25.518341307814993
25.742574257425744
25.742574257425744
26.109660574412533
25.742574257425744
25.742574257425744
25.742574257425744
25.742574257425744
26.50469353948095
25.742574257425744
43.47826086956522
25.742574257425744
25.742574257425744
25.742574257425744
26.841448189762794
25.742574257425744
25.694444444444446
25.742574257425744
25.742574257425744
25.839793281653748
25.742574257425744
25.742574257425744
25.742574257425744
25.742574257425744
25.495750708215297
25.742574257425744
25.742574257425744
25.742574257425744
26.923076923076923
25.742574257425744
26.507620941020544
26.581118240146655
25.742574257425744
26.418786692759294
25.742574257425744
25.742574257425744
26.153846153846153
25.742574257425744
25.742574257425744
25.742574257425744
25.742574257425744
25.742574257425744
25.742574257425744
25.31645569620253
25.742574257425744
25.742574257425744
24.257425742574256
26.076409945421467
26.418786692759294
25.742574257425744
25.862068965517242
25.742574257425744
25.742574257425744
25.742574257425744
27.41514360313316
25.742574257425744
25.742574257425744
25.742574257425744
25.742574257425744
25.742574257425744
25.742574257425744
26.490066225165563
25.742574257425744
25.742574257425744
25.742574257425744
25.742574257425744
25.832376578645235
25.742574257425744
25.742574257425744
25.742574257425744
25.742574257425744
25.742574257425744
43.47826086956522
25.742574257425744
24.94331065759637
25.742574257425744
25.742574257425744
25.742574257425744
26.794258373205743
25.742574257425744
25.742574257425744
25.742574257425744
26.581118240146655
25.742574257425744
25.742574257425744
26.315789473684212
25.742574257425744
25.742574257425744
25.742574257425744
25.742574257425744
26.490066225165563
25.742574257425744
25.742574257425744
25.742574257425744
26.418786692759294
25.742574257425744
25.742574257425744
25.862068965517242
25.742574257425744
25.742574257425744
25.742574257425744
25.742574257425744
26.418786692759294
25.31645569620253
25.742574257425744
25.742574257425744
25.742574257425744
25.742574257425744
25.742574257425744
25.742574257425744
25.742574257425744
26.19324796274738
25.742574257425744
25.742574257425744
25.742574257425744
25.742574257425744
26.153846153846153
25.742574257425744
25.742574257425744
26.182432432432435
25.742574257425744
25.742574257425744
25.742574257425744
26.049973418394472
25.742574257425744
27.41514360313316
25.742574257425744
25.742574257425744
25.742574257425744
25.742574257425744
26.639344262295083
25.742574257425744
25.742574257425744
26.418786692759294
25.742574257425744
25.742574257425744
25.742574257425744
25.834230355220665
25.742574257425744
25.742574257425744
26.418786692759294
25.742574257425744
25.742574257425744
25.742574257425744
25.742574257425744
26.881720430107528
25.742574257425744
25.742574257425744
26.260504201680675
25.742574257425744
26.418786692759294
26.775320139697325
25.742574257425744
25.742574257425744
25.742574257425744
23.923444976076556
25.742574257425744
25.742574257425744
25.742574257425744
25.742574257425744
25.742574257425744
25.742574257425744
24.539877300613497
25.742574257425744
25.742574257425744
25.742574257425744
27.848101265822784
25.742574257425744
25.742574257425744
25.742574257425744
25.742574257425744
25.742574257425744
26.92998204667863
25.742574257425744
25.742574257425744
25.742574257425744
25.742574257425744
25.742574257425744
25.742574257425744
27.2596843615495
25.742574257425744
25.742574257425744
26.418786692759294
25.742574257425744
25.742574257425744
26.315789473684212
25.742574257425744
25.742574257425744
26.062322946175637
25.742574257425744
25.742574257425744
25.742574257425744
25.742574257425744
25.834230355220665
25.742574257425744
25.742574257425744
25.742574257425744
25.742574257425744
26.418786692759294
25.742574257425744
25.742574257425744
25.862068965517242
25.742574257425744
34.48275862068965
25.742574257425744
25.742574257425744
25.73529411764706
25.742574257425744
25.742574257425744
25.742574257425744
25.742574257425744
26.217228464419474
25.742574257425744
26.490066225165563
25.742574257425744
25.742574257425744
25.742574257425744
25.742574257425744
25.742574257425744
25.862068965517242
25.742574257425744
26.31578947368421
25.742574257425744
25.742574257425744
25.742574257425744
25.742574257425744
25.742574257425744
25.742574257425744
25.742574257425744
26.362038664323375
25.742574257425744
25.983667409057166
25.742574257425744
26.153846153846153
25.742574257425744
25.742574257425744
25.742574257425744
25.742574257425744
25.844930417495032
25.742574257425744
25.839793281653748
25.742574257425744
32.25806451612903
25.742574257425744
26.794258373205743
25.742574257425744
25.742574257425744
25.742574257425744
25.86206896551724
26.435045317220542
25.742574257425744
26.794258373205743
25.742574257425744
25.742574257425744
25.742574257425744
28.776978417266186
25.742574257425744
25.742574257425744
25.742574257425744
25.742574257425744
25.742574257425744
25.73529411764706
25.742574257425744
25.742574257425744
25.742574257425744
25.742574257425744
25.742574257425744
25.742574257425744
25.742574257425744
25.742574257425744
28.70813397129187
26.418786692759294
25.742574257425744
25.742574257425744
25.742574257425744
25.742574257425744
26.581118240146655
26.418786692759294
25.742574257425744
25.742574257425744
34.48275862068965
25.742574257425744
25.742574257425744
25.742574257425744
26.905829596412556
25.742574257425744
25.742574257425744
25.742574257425744
25.94706798131811
25.742574257425744
25.742574257425744
25.742574257425744
25.742574257425744
26.881720430107528
25.742574257425744
26.418786692759294
25.742574257425744
26.418786692759294
25.742574257425744
26.182432432432435
25.742574257425744
25.742574257425744
25.742574257425744
43.47826086956522
25.742574257425744
25.742574257425744
25.742574257425744
25.742574257425744
26.435045317220542
26.418786692759294
25.742574257425744
25.742574257425744
27.027027027027028
25.742574257425744
25.742574257425744
25.742574257425744
26.315789473684212
25.742574257425744
25.742574257425744
26.639344262295083
25.742574257425744
25.742574257425744
25.742574257425744
25.742574257425744
25.983667409057166
25.727069351230426
25.742574257425744
25.742574257425744
25.742574257425744
25.742574257425744
25.742574257425744
25.134649910233392
25.742574257425744
25.742574257425744
25.742574257425744
25.742574257425744
26.418786692759294
25.742574257425744
25.742574257425744
25.742574257425744
25.974025974025974
25.742574257425744
26.418786692759294
25.742574257425744
25.742574257425744
25.742574257425744
26.260504201680675
25.742574257425744
25.742574257425744
25.742574257425744
25.742574257425744
25.742574257425744
25.742574257425744
25.742574257425744
25.742574257425744
25.86206896551724
25.742574257425744
25.742574257425744
32.25806451612903
25.742574257425744
25.742574257425744
25.742574257425744
25.742574257425744
25.742574257425744
26.418786692759294
24.01129943502825
25.742574257425744
26.217228464419474
25.742574257425744
25.742574257425744
25.742574257425744
25.742574257425744
25.742574257425744
25.742574257425744
25.958702064896755
25.742574257425744
25.742574257425744
26.794258373205743
25.742574257425744
25.742574257425744
25.742574257425744
25.742574257425744
25.742574257425744
25.518341307814993
25.742574257425744
26.418786692759294
25.742574257425744
25.742574257425744
26.639344262295083
25.240697371844913
25.742574257425744
25.742574257425744
25.742574257425744
25.742574257425744
25.834230355220665
25.742574257425744
25.742574257425744
25.742574257425744
26.418786692759294
23.26732673267327
26.418786692759294
25.742574257425744
26.418786692759294
25.742574257425744
25.9525124240751
25.742574257425744
25.846153846153847
25.742574257425744
25.742574257425744
26.217228464419474
25.742574257425744
25.742574257425744
26.039058587881822
25.742574257425744
25.742574257425744
25.742574257425744
25.742574257425744
26.153846153846153
25.742574257425744
25.742574257425744
25.742574257425744
25.742574257425744
25.86206896551724
25.742574257425744
25.742574257425744
25.641025641025642
25.742574257425744
25.742574257425744
25.742574257425744
25.742574257425744
25.742574257425744
26.794258373205743
25.742574257425744
26.052104208416832
25.742574257425744
25.742574257425744
25.742574257425744
26.418786692759294
19.306930693069308
26.418786692759294
25.742574257425744
25.742574257425744
26.581118240146655
26.109660574412533
25.742574257425744
25.742574257425744
25.742574257425744
25.742574257425744
25.742574257425744
25.742574257425744
25.742574257425744
25.742574257425744
26.182432432432435
24.257425742574256
26.418786692759294
25.742574257425744
25.742574257425744
25.742574257425744
25.627044711014175
25.742574257425744
25.742574257425744
25.742574257425744
25.742574257425744
25.742574257425744
26.217228464419474
26.418786692759294
25.742574257425744
26.418786692759294
25.742574257425744
27.210884353741495
25.742574257425744
25.742574257425744
25.742574257425744
25.742574257425744
25.935162094763093
25.935162094763093
25.935162094763093
25.61307901907357
25.935162094763093
25.935162094763093
25.742574257425744
25.440313111545986
25.742574257425744
25.742574257425744
26.38888888888889
25.742574257425744
26.490066225165563
25.742574257425744
25.742574257425744
25.742574257425744
25.742574257425744
25.742574257425744
25.134649910233392
25.742574257425744
25.742574257425744
25.742574257425744
25.742574257425744
26.418786692759294
26.418786692759294
25.742574257425744
27.397260273972602
25.742574257425744
25.742574257425744
25.742574257425744
25.974025974025974
25.742574257425744
25.742574257425744
25.742574257425744
25.742574257425744
26.418786692759294
25.742574257425744
25.742574257425744
26.19324796274738
25.742574257425744
25.742574257425744
25.742574257425744
25.742574257425744
25.742574257425744
25.742574257425744
26.244952893674295
25.742574257425744
25.742574257425744
26.077097505668934
25.742574257425744
25.742574257425744
25.742574257425744
25.742574257425744
27.210884353741495
25.742574257425744
15.346534653465346
25.742574257425744
26.581118240146655
25.742574257425744
25.742574257425744
27.45098039215686
25.742574257425744
25.742574257425744
25.742574257425744
25.742574257425744
25.742574257425744
25.742574257425744
25.742574257425744
26.775320139697325
25.742574257425744
26.418786692759294
25.742574257425744
25.742574257425744
25.742574257425744
25.742574257425744
25.742574257425744
25.742574257425744
25.742574257425744
26.881720430107528
25.742574257425744
25.839793281653748
25.742574257425744
25.742574257425744
25.742574257425744
25.742574257425744
25.965801139962004
25.742574257425744
25.742574257425744
25.742574257425744
26.418786692759294
26.624902114330464
25.742574257425744
25.742574257425744
28.776978417266186
25.742574257425744
25.742574257425744
25.742574257425744
25.742574257425744
25.86206896551724
25.742574257425744
25.742574257425744
25.742574257425744
25.742574257425744
27.06027060270603
25.742574257425744
25.742574257425744
25.742574257425744
25.742574257425744
26.418786692759294
25.742574257425744
25.742574257425744
25.742574257425744
25.742574257425744
25.742574257425744
25.94706798131811
25.742574257425744
25.9525124240751
25.742574257425744
25.742574257425744
25.727069351230426
26.418786692759294
25.742574257425744
25.742574257425744
26.12994350282486
25.742574257425744
25.742574257425744
26.19324796274738
25.742574257425744
26.244952893674295
25.742574257425744
25.742574257425744
25.742574257425744
26.418786692759294
25.742574257425744
25.742574257425744
25.742574257425744
25.742574257425744
25.742574257425744
25.844930417495032
25.742574257425744
25.834230355220665
25.742574257425744
25.518341307814993
25.742574257425744
25.742574257425744
25.742574257425744
26.582278481012658
25.742574257425744
25.742574257425744
25.742574257425744
25.742574257425744
26.062322946175637
25.742574257425744
25.742574257425744
25.742574257425744
25.742574257425744
25.742574257425744
26.582278481012658
25.742574257425744
26.182432432432435
25.742574257425744
25.742574257425744
25.742574257425744
26.109660574412533
25.742574257425744
25.7177033492823
25.742574257425744
25.742574257425744
25.742574257425744
25.742574257425744
25.742574257425744
25.742574257425744
29.23076923076923
25.742574257425744
25.742574257425744
25.742574257425744
27.397260273972602
25.742574257425744
26.260504201680675
25.742574257425744
25.742574257425744
25.742574257425744
25.742574257425744
25.742574257425744
25.742574257425744
25.742574257425744
25.742574257425744
25.742574257425744
25.742574257425744
25.742574257425744
24.539877300613497
25.742574257425744
25.742574257425744
25.742574257425744
25.742574257425744
25.86206896551724
25.742574257425744
25.742574257425744
28.776978417266186
25.742574257425744
25.742574257425744
25.742574257425744
25.94706798131811
25.683512841756418
25.742574257425744
25.742574257425744
25.742574257425744
25.742574257425744
25.742574257425744
26.418786692759294
25.641025641025642
25.742574257425744
25.742574257425744
25.742574257425744
25.742574257425744
25.742574257425744
25.965801139962004
25.742574257425744
25.742574257425744
25.742574257425744
25.742574257425744
25.742574257425744
25.742574257425744
26.666666666666668
26.153846153846153
25.742574257425744
25.742574257425744
25.742574257425744
25.742574257425744
25.742574257425744
26.38888888888889
25.742574257425744
27.45098039215686
25.742574257425744
25.742574257425744
25.742574257425744
26.109660574412533
25.742574257425744
25.742574257425744
25.742574257425744
25.742574257425744
25.742574257425744
26.315789473684212
26.418786692759294
25.742574257425744
25.742574257425744
27.848101265822784
25.742574257425744
25.742574257425744
25.742574257425744
25.742574257425744
25.742574257425744
25.965801139962004
25.742574257425744
25.742574257425744
25.742574257425744
25.742574257425744
25.742574257425744
25.742574257425744
26.109660574412533
26.418786692759294
25.742574257425744
26.049973418394472
25.742574257425744
25.742574257425744
25.742574257425744
26.418786692759294
25.742574257425744
25.742574257425744
25.742574257425744
25.742574257425744
25.742574257425744
25.742574257425744
25.742574257425744
26.362038664323375
25.742574257425744
25.742574257425744
25.089605734767023
26.418786692759294
25.742574257425744
26.12994350282486
25.742574257425744
25.742574257425744
25.742574257425744
25.742574257425744
25.538307461191785
25.742574257425744
25.742574257425744
26.182432432432435
25.742574257425744
25.742574257425744
25.742574257425744
25.742574257425744
25.742574257425744
25.727069351230426
25.742574257425744
25.742574257425744
27.397260273972602
25.742574257425744
25.742574257425744
25.742574257425744
25.742574257425744
25.742574257425744
26.490066225165563
25.742574257425744
26.315789473684212
25.742574257425744
25.742574257425744
25.86206896551724
25.742574257425744
25.742574257425744
25.742574257425744
25.742574257425744
26.244952893674295
25.742574257425744
25.742574257425744
25.742574257425744
26.27737226277372
25.742574257425744
26.418786692759294
25.742574257425744
26.418786692759294
25.742574257425744
25.742574257425744
25.995125913891144
25.742574257425744
25.742574257425744
25.742574257425744
25.742574257425744
25.983667409057166
25.742574257425744
25.742574257425744
25.742574257425744
25.742574257425744
25.742574257425744
25.862068965517242
25.742574257425744
25.742574257425744
25.742574257425744
25.965801139962004
25.742574257425744
25.742574257425744
26.418786692759294
25.742574257425744
25.742574257425744
25.742574257425744
25.742574257425744
25.742574257425744
25.742574257425744
25.86206896551724
25.742574257425744
26.418786692759294
25.742574257425744
25.742574257425744
26.12994350282486
25.742574257425744
25.742574257425744
25.742574257425744
26.076409945421467
25.742574257425744
25.742574257425744
25.846153846153847
25.742574257425744
25.742574257425744
26.109660574412533
25.742574257425744
25.742574257425744
25.742574257425744
25.958702064896755
25.742574257425744
27.210884353741495
25.742574257425744
25.742574257425744
26.418786692759294
25.742574257425744
26.418786692759294
25.742574257425744
25.742574257425744
26.490066225165563
25.742574257425744
25.742574257425744
25.742574257425744
25.742574257425744
25.742574257425744
25.862068965517242
25.742574257425744
25.742574257425744
25.742574257425744
25.742574257425744
25.742574257425744
26.794258373205743
25.742574257425744
26.362038664323375
25.834230355220665
25.742574257425744
25.742574257425744
25.742574257425744
25.742574257425744
25.727069351230426
25.742574257425744
25.742574257425744
25.742574257425744
25.641025641025642
25.742574257425744
25.742574257425744
25.742574257425744
25.742574257425744
25.974025974025974
25.742574257425744
25.727069351230426
25.742574257425744
25.742574257425744
25.742574257425744
22.77227722772277
26.418786692759294
26.512013256006625
25.742574257425744
25.742574257425744
25.742574257425744
25.742574257425744
26.881720430107528
25.742574257425744
25.742574257425744
25.742574257425744
29.717682020802375
25.742574257425744
26.182432432432435
25.742574257425744
25.742574257425744
32.25806451612903
25.742574257425744
25.742574257425744
25.742574257425744
25.742574257425744
22.277227722772277
25.742574257425744
25.742574257425744
26.490066225165563
25.834230355220665
25.742574257425744
25.742574257425744
26.435045317220542
25.742574257425744
25.742574257425744
25.742574257425744
25.742574257425744
25.742574257425744
25.846153846153847
26.418786692759294
25.742574257425744
25.742574257425744
28.673835125448026
25.742574257425744
25.742574257425744
25.742574257425744
25.742574257425744
26.34961439588689
26.217228464419474
25.742574257425744
25.742574257425744
26.418786692759294
25.995125913891144
25.742574257425744
25.742574257425744
25.834230355220665
25.742574257425744
25.742574257425744
26.418786692759294
25.742574257425744
26.418786692759294
25.742574257425744
25.742574257425744
25.742574257425744
25.742574257425744
25.742574257425744
25.983667409057166
26.418786692759294
25.742574257425744
25.742574257425744
25.742574257425744
25.742574257425744
27.69230769230769
25.742574257425744
28.776978417266186
25.742574257425744
25.742574257425744
25.742574257425744
25.742574257425744
25.742574257425744
25.983667409057166
25.742574257425744
25.742574257425744
25.742574257425744
26.881720430107528
26.490066225165563
25.742574257425744
25.742574257425744
25.742574257425744
25.742574257425744
25.742574257425744
25.742574257425744
25.742574257425744
18.341307814992025
25.742574257425744
25.742574257425744
26.581118240146655
25.42812662169175
23.762376237623762
25.742574257425744
25.742574257425744
28.776978417266186
25.742574257425744
25.742574257425744
25.742574257425744
26.052104208416832
25.742574257425744
25.742574257425744
25.742574257425744
26.418786692759294
25.742574257425744
25.742574257425744
25.31645569620253
25.742574257425744
25.742574257425744
25.742574257425744
25.742574257425744
25.742574257425744
25.742574257425744
25.742574257425744
25.742574257425744
25.742574257425744
25.742574257425744
26.34961439588689
25.742574257425744
25.742574257425744
25.742574257425744
26.182432432432435
25.742574257425744
25.742574257425744
25.843503230437904
25.742574257425744
30.769230769230766
25.742574257425744
25.742574257425744
25.742574257425744
25.742574257425744
25.742574257425744
26.31578947368421
25.742574257425744
25.742574257425744
25.742574257425744
26.418786692759294
25.742574257425744
25.742574257425744
26.581118240146655
25.742574257425744
25.742574257425744
25.742574257425744
25.742574257425744
25.742574257425744
25.742574257425744
25.742574257425744
25.742574257425744
25.440313111545986
25.742574257425744
25.742574257425744
25.742574257425744
26.153846153846153
25.742574257425744
25.742574257425744
25.742574257425744
25.742574257425744
25.742574257425744
25.593008739076154
25.742574257425744
25.742574257425744
25.742574257425744
25.742574257425744
25.742574257425744
25.742574257425744
25.86206896551724
25.742574257425744
26.362038664323375
25.742574257425744
25.742574257425744
25.742574257425744
26.418786692759294
26.905829596412556
25.742574257425744
25.742574257425744
25.958702064896755
25.742574257425744
25.31645569620253
25.742574257425744
25.742574257425744
27.69230769230769
25.742574257425744
27.69230769230769
25.742574257425744
25.742574257425744
25.742574257425744
25.742574257425744
25.742574257425744
25.742574257425744
25.73529411764706
26.418786692759294
25.742574257425744
25.742574257425744
25.742574257425744
27.054108216432866
25.742574257425744
25.742574257425744
25.742574257425744
25.862068965517242
25.742574257425744
25.86206896551724
25.742574257425744
25.742574257425744
25.742574257425744
25.742574257425744
25.742574257425744
25.742574257425744
26.418786692759294
23.762376237623762
25.742574257425744
25.742574257425744
25.518341307814993
25.742574257425744
25.742574257425744
26.418786692759294
25.742574257425744
26.38888888888889
25.742574257425744
26.512013256006625
25.742574257425744
25.742574257425744
25.742574257425744
26.666666666666668
25.742574257425744
25.742574257425744
26.418786692759294
25.742574257425744
25.742574257425744
25.742574257425744
25.742574257425744
25.742574257425744
25.742574257425744
25.7177033492823
26.418786692759294
25.742574257425744
25.742574257425744
26.418786692759294
25.94706798131811
25.742574257425744
25.742574257425744
25.742574257425744
25.742574257425744
32.25806451612903
25.742574257425744
25.742574257425744
25.742574257425744
25.742574257425744
27.69230769230769
25.742574257425744
25.742574257425744
25.742574257425744
25.742574257425744
25.538307461191785
25.742574257425744
25.742574257425744
25.742574257425744
25.742574257425744
25.742574257425744
28.776978417266186
25.742574257425744
25.742574257425744
26.076409945421467
25.742574257425744
25.742574257425744
25.742574257425744
26.418786692759294
25.742574257425744
25.742574257425744
27.2596843615495
25.742574257425744
25.742574257425744
26.418786692759294
25.742574257425744
25.9525124240751
25.742574257425744
25.742574257425744
25.742574257425744
25.86206896551724
25.742574257425744
25.742574257425744
25.742574257425744
25.742574257425744
25.742574257425744
26.217228464419474
24.539877300613497
25.742574257425744
25.742574257425744
26.905829596412556
25.742574257425744
29.80132450331126
25.742574257425744
25.742574257425744
25.742574257425744
25.742574257425744
26.910656620021527
25.742574257425744
26.548672566371682
25.742574257425744
25.742574257425744
26.182432432432435
25.742574257425744
25.742574257425744
26.418786692759294
25.742574257425744
25.742574257425744
25.983667409057166
25.958702064896755
25.742574257425744
26.507620941020544
25.742574257425744
26.794258373205743
25.742574257425744
25.742574257425744
25.742574257425744
24.539877300613497
25.742574257425744
25.742574257425744
26.362038664323375
25.742574257425744
25.742574257425744
25.742574257425744
28.34467120181406
25.742574257425744
25.742574257425744
25.742574257425744
25.742574257425744
25.844930417495032
25.742574257425744
25.742574257425744
25.742574257425744
25.9525124240751
25.742574257425744
26.46153846153846
26.581118240146655
25.742574257425744
25.742574257425744
24.257425742574256
25.742574257425744
27.45098039215686
25.742574257425744
25.742574257425744
27.69230769230769
25.742574257425744
25.742574257425744
25.518341307814993
25.742574257425744
25.742574257425744
25.742574257425744
25.742574257425744
25.742574257425744
25.862068965517242
25.742574257425744
25.742574257425744
25.742574257425744
27.41514360313316
25.742574257425744
25.742574257425744
25.742574257425744
25.742574257425744
25.832376578645235
25.742574257425744
26.12994350282486
25.727069351230426
25.742574257425744
25.742574257425744
25.742574257425744
25.742574257425744
25.742574257425744
25.742574257425744
26.58160552897395
25.742574257425744
25.742574257425744
25.440313111545986
25.742574257425744
25.742574257425744
25.742574257425744
25.742574257425744
26.109660574412533
25.742574257425744
25.834230355220665
25.742574257425744
25.742574257425744
25.742574257425744
25.742574257425744
28.776978417266186
25.742574257425744
21.73913043478261
25.742574257425744
25.742574257425744
25.742574257425744
25.742574257425744
25.742574257425744
25.742574257425744
25.742574257425744
25.742574257425744
25.742574257425744
25.742574257425744
28.57142857142857
25.742574257425744
25.742574257425744
25.846153846153847
25.742574257425744
25.742574257425744
25.742574257425744
25.832376578645235
25.742574257425744
25.742574257425744
25.742574257425744
25.742574257425744
26.076409945421467
26.418786692759294
25.742574257425744
25.742574257425744
26.039058587881822
25.742574257425744
25.742574257425744
25.742574257425744
25.742574257425744
25.742574257425744
26.109660574412533
25.742574257425744
25.742574257425744
25.742574257425744
25.742574257425744
25.440313111545986
43.47826086956522
25.742574257425744
25.742574257425744
27.69230769230769
25.742574257425744
25.742574257425744
25.742574257425744
25.742574257425744
25.742574257425744
24.539877300613497
25.742574257425744
26.244952893674295
25.742574257425744
26.905829596412556
25.742574257425744
25.742574257425744
26.581118240146655
26.581118240146655
25.742574257425744
25.742574257425744
25.742574257425744
28.776978417266186
25.742574257425744
25.742574257425744
25.742574257425744
26.315789473684212
25.742574257425744
25.742574257425744
26.639344262295083
25.742574257425744
25.742574257425744
25.844930417495032
25.742574257425744
26.244952893674295
25.742574257425744
25.742574257425744
25.742574257425744
25.742574257425744
25.742574257425744
26.435045317220542
25.742574257425744
25.86206896551724
25.742574257425744
26.217228464419474
25.742574257425744
25.742574257425744
25.742574257425744
29.80132450331126
25.742574257425744
25.742574257425744
25.742574257425744
26.34961439588689
25.742574257425744
26.490066225165563
25.742574257425744
25.742574257425744
25.742574257425744
25.742574257425744
25.983667409057166
25.742574257425744
26.182432432432435
25.742574257425744
25.86206896551724
25.742574257425744
25.742574257425744
25.683512841756418
25.742574257425744
25.742574257425744
25.742574257425744
25.742574257425744
26.794258373205743
25.742574257425744
26.418786692759294
25.742574257425744
25.742574257425744
25.86206896551724
25.742574257425744
25.742574257425744
25.742574257425744
25.742574257425744
28.776978417266186
25.742574257425744
25.742574257425744
25.742574257425744
25.742574257425744
25.742574257425744
26.315789473684212
25.742574257425744
25.742574257425744
25.742574257425744
28.57142857142857
25.742574257425744
25.742574257425744
25.742574257425744
25.742574257425744
25.742574257425744
25.742574257425744
25.742574257425744
25.742574257425744
25.134649910233392
25.742574257425744
25.742574257425744
25.742574257425744
25.742574257425744
25.742574257425744
25.518341307814993
25.742574257425744
25.742574257425744
26.19324796274738
25.742574257425744
25.742574257425744
25.742574257425744
25.742574257425744
27.69230769230769
25.742574257425744
25.742574257425744
25.742574257425744
25.742574257425744
23.923444976076556
25.742574257425744
26.217228464419474
25.742574257425744
25.742574257425744
25.742574257425744
25.974025974025974
25.742574257425744
25.742574257425744
26.418786692759294
26.490066225165563
25.742574257425744
25.742574257425744
25.742574257425744
25.742574257425744
25.742574257425744
25.742574257425744
25.742574257425744
25.742574257425744
25.839793281653748
25.742574257425744
25.742574257425744
26.049973418394472
25.742574257425744
26.153846153846153
25.742574257425744
25.742574257425744
25.742574257425744
26.418786692759294
25.742574257425744
25.742574257425744
25.742574257425744
28.57142857142857
25.742574257425744
26.418786692759294
26.418786692759294
25.247524752475247
25.841816758026628
25.742574257425744
25.742574257425744
25.742574257425744
25.742574257425744
25.742574257425744
26.418786692759294
25.742574257425744
25.742574257425744
25.742574257425744
25.862068965517242
25.742574257425744
25.742574257425744
26.38888888888889
25.742574257425744
26.418786692759294
25.742574257425744
25.742574257425744
26.182432432432435
25.727069351230426
25.742574257425744
25.742574257425744
25.742574257425744
26.052104208416832
25.742574257425744
25.742574257425744
25.742574257425744
29.80132450331126
25.742574257425744
25.742574257425744
25.742574257425744
25.742574257425744
25.983667409057166
25.742574257425744
26.27737226277372
25.742574257425744
25.742574257425744
24.752475247524753
25.727069351230426
25.742574257425744
26.244952893674295
26.418786692759294
25.742574257425744
25.742574257425744
26.418786692759294
26.682838083687084
25.742574257425744
25.742574257425744
26.315789473684212
25.742574257425744
25.742574257425744
25.742574257425744
25.742574257425744
25.742574257425744
25.73529411764706
25.742574257425744
25.742574257425744
25.742574257425744
26.217228464419474
25.742574257425744
25.742574257425744
26.418786692759294
25.742574257425744
26.109660574412533
25.742574257425744
25.742574257425744
25.742574257425744
25.742574257425744
26.362038664323375
25.742574257425744
25.742574257425744
25.742574257425744
25.742574257425744
25.742574257425744
25.641025641025642
26.490066225165563
25.742574257425744
25.742574257425744
25.742574257425744
25.742574257425744
25.742574257425744
26.490066225165563
25.742574257425744
25.742574257425744
25.742574257425744
25.742574257425744
25.742574257425744
25.742574257425744
26.418786692759294
25.694444444444446
25.742574257425744
25.742574257425744
25.742574257425744
25.742574257425744
25.742574257425744
25.742574257425744
26.418786692759294
25.742574257425744
25.835866261398177
25.742574257425744
26.418786692759294
25.742574257425744
25.742574257425744
25.742574257425744
25.742574257425744
25.742574257425744
27.77777777777778
25.742574257425744
25.742574257425744
25.742574257425744
26.775320139697325
25.834230355220665
25.742574257425744
25.742574257425744
25.742574257425744
26.418786692759294
26.19324796274738
25.742574257425744
26.418786692759294
25.742574257425744
25.742574257425744
25.742574257425744
25.742574257425744
25.86206896551724
25.742574257425744
26.244952893674295
25.742574257425744
24.257425742574256
26.418786692759294
25.742574257425744
25.742574257425744
26.435045317220542
25.846153846153847
25.742574257425744
25.742574257425744
25.742574257425744
25.742574257425744
25.742574257425744
26.182432432432435
25.742574257425744
25.742574257425744
26.418786692759294
25.742574257425744
26.362038664323375
25.742574257425744
25.742574257425744
26.624902114330464
25.742574257425744
27.69230769230769
25.742574257425744
26.418786692759294
21.287128712871286
25.742574257425744
25.832376578645235
25.742574257425744
27.848101265822784
25.742574257425744
25.742574257425744
25.742574257425744
25.742574257425744
25.641025641025642
25.742574257425744
25.70694087403599
25.846153846153847
25.742574257425744
25.742574257425744
25.862068965517242
25.742574257425744
25.742574257425744
25.742574257425744
25.742574257425744
25.742574257425744
26.418786692759294
26.490066225165563
25.742574257425744
25.742574257425744
25.742574257425744
25.742574257425744
25.742574257425744
25.742574257425744
25.742574257425744
25.742574257425744
25.742574257425744
27.397260273972602
23.762376237623762
25.727069351230426
25.742574257425744
26.418786692759294
25.742574257425744
25.742574257425744
25.742574257425744
25.742574257425744
25.134649910233392
25.742574257425744
25.974025974025974
25.742574257425744
25.86206896551724
25.742574257425744
25.742574257425744
25.742574257425744
25.742574257425744
25.742574257425744
26.217228464419474
25.742574257425744
25.472689075630253
25.742574257425744
25.742574257425744
25.965801139962004
25.742574257425744
25.742574257425744
27.69230769230769
25.742574257425744
25.742574257425744
26.418786692759294
25.742574257425744
25.742574257425744
25.742574257425744
26.490066225165563
25.742574257425744
25.742574257425744
25.742574257425744
26.153846153846153
25.727069351230426
25.742574257425744
25.742574257425744
26.418786692759294
25.742574257425744
25.742574257425744
25.742574257425744
25.742574257425744
25.742574257425744
25.844930417495032
25.742574257425744
27.69230769230769
25.742574257425744
25.19853390348198
25.742574257425744
25.742574257425744
25.742574257425744
25.742574257425744
25.742574257425744
25.742574257425744
25.742574257425744
28.776978417266186
25.742574257425744
25.742574257425744
25.742574257425744
25.742574257425744
25.843503230437904
25.742574257425744
25.742574257425744
25.742574257425744
26.639344262295083
26.153846153846153
25.742574257425744
25.742574257425744
25.742574257425744
25.57200538358008
25.742574257425744
25.742574257425744
25.742574257425744
25.742574257425744
25.742574257425744
26.624902114330464
25.742574257425744
25.742574257425744
25.742574257425744
25.742574257425744
25.86206896551724
25.742574257425744
25.742574257425744
23.923444976076556
25.742574257425744
25.742574257425744
25.742574257425744
25.742574257425744
26.418786692759294
25.742574257425744
25.839793281653748
25.742574257425744
25.86206896551724
25.742574257425744
25.742574257425744
25.742574257425744
25.742574257425744
25.742574257425744
25.742574257425744
27.77777777777778
26.315789473684212
25.742574257425744
25.742574257425744
25.742574257425744
25.742574257425744
25.742574257425744
26.362038664323375
25.742574257425744
25.7177033492823
24.257425742574256
25.742574257425744
30.67484662576687
25.742574257425744
25.742574257425744
25.742574257425744
25.742574257425744
25.742574257425744
25.742574257425744
26.153846153846153
25.742574257425744
25.742574257425744
26.905829596412556
25.742574257425744
25.742574257425744
25.983667409057166
25.965801139962004
25.742574257425744
25.742574257425744
25.73529411764706
25.742574257425744
26.34961439588689
25.742574257425744
25.742574257425744
28.57142857142857
25.742574257425744
25.742574257425744
26.418786692759294
25.742574257425744
25.742574257425744
26.31578947368421
25.742574257425744
25.742574257425744
25.742574257425744
26.182432432432435
25.742574257425744
25.742574257425744
25.742574257425744
27.45098039215686
25.742574257425744
25.518341307814993
25.742574257425744
25.983667409057166
25.742574257425744
25.742574257425744
25.742574257425744
26.362038664323375
25.742574257425744
25.742574257425744
25.742574257425744
25.742574257425744
25.742574257425744
25.742574257425744
26.076409945421467
25.742574257425744
43.47826086956522
25.742574257425744
26.418786692759294
25.742574257425744
26.38888888888889
25.742574257425744
26.881720430107528
25.742574257425744
25.742574257425744
25.742574257425744
25.742574257425744
25.742574257425744
25.742574257425744
26.917900403768506
25.742574257425744
25.742574257425744
26.435045317220542
25.742574257425744
25.742574257425744
25.742574257425744
26.31578947368421
25.742574257425744
26.418786692759294
26.27737226277372
25.742574257425744
25.742574257425744
25.727069351230426
25.742574257425744
25.742574257425744
25.742574257425744
25.742574257425744
25.742574257425744
27.41514360313316
25.995125913891144
25.742574257425744
25.742574257425744
25.742574257425744
25.742574257425744
25.742574257425744
25.742574257425744
27.06027060270603
25.742574257425744
25.742574257425744
25.742574257425744
25.742574257425744
27.210884353741495
25.742574257425744
25.742574257425744
25.742574257425744
25.742574257425744
25.742574257425744
26.27737226277372
25.846153846153847
25.742574257425744
25.742574257425744
25.742574257425744
25.742574257425744
25.742574257425744
26.260504201680675
25.742574257425744
25.742574257425744
25.742574257425744
25.742574257425744
25.742574257425744
25.742574257425744
25.742574257425744
26.260504201680675
25.742574257425744
26.315789473684212
25.742574257425744
25.742574257425744
25.835866261398177
25.742574257425744
25.742574257425744
25.742574257425744
25.846153846153847
25.742574257425744
26.794258373205743
25.742574257425744
25.742574257425744
25.742574257425744
25.518341307814993
25.742574257425744
26.418786692759294
25.742574257425744
25.742574257425744
30.67484662576687
25.742574257425744
25.742574257425744
25.742574257425744
26.19324796274738
25.742574257425744
25.742574257425744
25.742574257425744
25.742574257425744
25.742574257425744
25.742574257425744
25.834230355220665
25.742574257425744
32.25806451612903
25.742574257425744
25.742574257425744
25.742574257425744
25.742574257425744
25.247524752475247
25.538307461191785
26.27737226277372
25.742574257425744
25.742574257425744
25.742574257425744
25.31645569620253
26.315789473684212
25.742574257425744
25.742574257425744
25.742574257425744
26.666666666666668
25.742574257425744
25.742574257425744
25.742574257425744
26.076409945421467
25.742574257425744
25.742574257425744
25.742574257425744
25.742574257425744
25.742574257425744
25.832376578645235
25.742574257425744
24.25712553062462
25.742574257425744
25.742574257425744
25.742574257425744
25.742574257425744
25.742574257425744
25.862068965517242
25.742574257425744
25.742574257425744
25.742574257425744
25.742574257425744
25.742574257425744
25.742574257425744
25.742574257425744
25.742574257425744
26.666666666666668
25.742574257425744
25.742574257425744
26.217228464419474
25.742574257425744
25.742574257425744
25.742574257425744
26.19324796274738
25.742574257425744
25.742574257425744
25.742574257425744
25.742574257425744
25.57200538358008
25.742574257425744
25.742574257425744
25.742574257425744
25.742574257425744
25.742574257425744
25.742574257425744
34.48275862068965
25.742574257425744
26.217228464419474
25.742574257425744
25.742574257425744
25.742574257425744
25.742574257425744
25.742574257425744
25.742574257425744
25.742574257425744
25.965801139962004
25.742574257425744
25.742574257425744
26.217228464419474
25.742574257425744
25.742574257425744
25.742574257425744
25.742574257425744
25.742574257425744
25.742574257425744
25.742574257425744
25.742574257425744
26.666666666666668
25.742574257425744
25.742574257425744
25.742574257425744
25.86206896551724
25.742574257425744
28.673835125448026
25.742574257425744
25.742574257425744
25.742574257425744
25.727069351230426
25.742574257425744
25.742574257425744
25.742574257425744
25.742574257425744
26.418786692759294
25.742574257425744
26.418786692759294
25.742574257425744
25.742574257425744
28.776978417266186
25.742574257425744
25.742574257425744
26.418786692759294
25.247524752475247
25.742574257425744
25.742574257425744
26.260504201680675
25.742574257425744
25.742574257425744
26.418786692759294
26.582278481012658
25.742574257425744
25.742574257425744
25.742574257425744
25.742574257425744
43.47826086956522
25.742574257425744
25.742574257425744
26.31578947368421
25.742574257425744
25.742574257425744
26.881720430107528
25.742574257425744
25.742574257425744
25.742574257425744
25.86206896551724
25.742574257425744
25.742574257425744
26.109660574412533
25.742574257425744
25.742574257425744
26.31578947368421
25.742574257425744
25.742574257425744
25.742574257425744
25.742574257425744
26.244952893674295
25.995125913891144
25.742574257425744
25.742574257425744
25.94706798131811
25.742574257425744
25.742574257425744
26.244952893674295
25.742574257425744
25.742574257425744
25.727069351230426
25.742574257425744
25.742574257425744
26.31578947368421
25.742574257425744
26.639344262295083
25.742574257425744
25.742574257425744
26.049973418394472
25.742574257425744
25.742574257425744
26.418786692759294
25.742574257425744
26.418786692759294
26.315789473684212
25.742574257425744
25.742574257425744
25.742574257425744
25.742574257425744
25.742574257425744
25.742574257425744
25.742574257425744
25.86206896551724
25.742574257425744
25.742574257425744
26.418786692759294
25.742574257425744
25.742574257425744
25.742574257425744
27.41514360313316
25.742574257425744
26.418786692759294
25.742574257425744
25.742574257425744
26.19324796274738
27.77777777777778
25.742574257425744
25.742574257425744
26.418786692759294
25.742574257425744
25.742574257425744
25.742574257425744
25.843503230437904
25.742574257425744
26.049973418394472
25.742574257425744
28.776978417266186
25.742574257425744
25.742574257425744
25.742574257425744
25.742574257425744
25.742574257425744
25.742574257425744
25.727069351230426
25.742574257425744
26.418786692759294
25.742574257425744
26.31578947368421
25.742574257425744
25.742574257425744
25.742574257425744
26.418786692759294
25.742574257425744
25.742574257425744
26.12994350282486
26.077097505668934
25.742574257425744
25.742574257425744
25.742574257425744
25.742574257425744
25.742574257425744
25.742574257425744
24.257425742574256
26.418786692759294
25.9525124240751
25.742574257425744
25.742574257425744
25.742574257425744
25.742574257425744
25.742574257425744
25.86206896551724
25.742574257425744
25.742574257425744
25.742574257425744
25.742574257425744
25.742574257425744
26.490066225165563
20.297029702970296
25.247524752475247
25.742574257425744
25.742574257425744
25.742574257425744
25.742574257425744
25.862068965517242
25.742574257425744
25.742574257425744
26.076409945421467
25.742574257425744
30.17241379310345
25.742574257425744
25.742574257425744
25.742574257425744
25.862068965517242
25.742574257425744
25.742574257425744
25.742574257425744
25.742574257425744
27.2596843615495
25.742574257425744
25.742574257425744
32.25806451612903
25.742574257425744
25.742574257425744
26.418786692759294
27.210884353741495
25.742574257425744
25.742574257425744
25.742574257425744
25.742574257425744
25.742574257425744
26.12994350282486
25.742574257425744
25.742574257425744
25.742574257425744
26.12994350282486
25.742574257425744
25.835866261398177
25.843503230437904
25.742574257425744
25.742574257425744
25.742574257425744
25.742574257425744
25.742574257425744
25.995125913891144
26.917900403768506
25.742574257425744
25.742574257425744
25.742574257425744
25.742574257425744
25.742574257425744
25.742574257425744
25.742574257425744
25.742574257425744
25.742574257425744
26.109660574412533
25.742574257425744
26.581118240146655
25.742574257425744
25.839793281653748
25.742574257425744
25.742574257425744
25.742574257425744
25.832376578645235
26.512013256006625
25.742574257425744
25.742574257425744
25.742574257425744
25.742574257425744
28.776978417266186
25.742574257425744
25.742574257425744
25.742574257425744
32.25806451612903
25.742574257425744
25.742574257425744
25.742574257425744
25.742574257425744
25.742574257425744
26.905829596412556
25.742574257425744
25.742574257425744
25.742574257425744
26.418786692759294
26.182432432432435
25.742574257425744
25.742574257425744
26.418786692759294
25.742574257425744
25.742574257425744
25.742574257425744
25.742574257425744
25.742574257425744
25.742574257425744
24.834437086092716
25.742574257425744
25.742574257425744
27.51196172248804
25.742574257425744
25.94706798131811
25.742574257425744
25.742574257425744
25.7177033492823
25.742574257425744
25.742574257425744
25.742574257425744
25.742574257425744
25.742574257425744
25.742574257425744
25.742574257425744
25.54744525547445
26.836158192090398
25.742574257425744
25.742574257425744
32.25806451612903
25.742574257425744
25.742574257425744
25.742574257425744
26.881720430107528
25.742574257425744
25.742574257425744
25.742574257425744
26.418786692759294
25.742574257425744
26.418786692759294
26.775320139697325
25.742574257425744
25.742574257425744
25.742574257425744
25.742574257425744
25.742574257425744
25.742574257425744
25.742574257425744
26.582278481012658
25.742574257425744
26.418786692759294
25.742574257425744
26.490066225165563
25.742574257425744
25.742574257425744
25.742574257425744
25.742574257425744
43.47826086956522
25.742574257425744
25.742574257425744
27.69230769230769
25.742574257425744
25.742574257425744
25.742574257425744
25.742574257425744
25.742574257425744
25.742574257425744
26.153846153846153
30.67484662576687
25.742574257425744
25.742574257425744
25.742574257425744
25.742574257425744
25.742574257425744
26.182432432432435
25.742574257425744
25.742574257425744
25.742574257425744
25.742574257425744
25.134649910233392
25.742574257425744
26.794258373205743
25.742574257425744
25.742574257425744
25.965801139962004
25.742574257425744
25.742574257425744
25.742574257425744
25.742574257425744
26.362038664323375
25.742574257425744
25.742574257425744
27.2596843615495
25.742574257425744
25.742574257425744
25.742574257425744
26.077097505668934
25.742574257425744
25.742574257425744
25.742574257425744
25.742574257425744
25.742574257425744
25.742574257425744
25.742574257425744
26.244952893674295
25.742574257425744
25.983667409057166
25.742574257425744
25.742574257425744
25.834230355220665
25.742574257425744
25.742574257425744
25.742574257425744
25.9525124240751
25.742574257425744
26.418786692759294
25.742574257425744
25.742574257425744
25.742574257425744
26.418786692759294
25.518341307814993
25.742574257425744
25.742574257425744
25.742574257425744
25.742574257425744
25.846153846153847
25.742574257425744
25.862068965517242
25.742574257425744
25.742574257425744
25.742574257425744
25.742574257425744
25.742574257425744
25.742574257425744
25.742574257425744
25.742574257425744
25.7177033492823
25.742574257425744
25.742574257425744
25.742574257425744
25.742574257425744
25.742574257425744
25.742574257425744
25.742574257425744
23.923444976076556
25.742574257425744
25.742574257425744
26.182432432432435
25.742574257425744
25.742574257425744
25.742574257425744
25.742574257425744
25.742574257425744
25.742574257425744
25.742574257425744
25.134649910233392
25.742574257425744
43.47826086956522
25.742574257425744
25.742574257425744
25.742574257425744
25.742574257425744
26.418786692759294
25.742574257425744
26.418786692759294
25.742574257425744
26.109660574412533
25.742574257425744
25.742574257425744
27.4079874706343
25.742574257425744
25.846153846153847
25.742574257425744
25.742574257425744
25.742574257425744
25.94706798131811
25.742574257425744
25.742574257425744
25.742574257425744
27.69230769230769
25.742574257425744
25.834230355220665
25.742574257425744
25.742574257425744
25.742574257425744
25.742574257425744
25.742574257425744
25.742574257425744
25.742574257425744
25.742574257425744
25.742574257425744
25.742574257425744
25.73529411764706
25.742574257425744
26.418786692759294
25.742574257425744
25.742574257425744
25.742574257425744
25.727069351230426
25.742574257425744
26.109660574412533
25.742574257425744
25.742574257425744
25.742574257425744
26.153846153846153
25.742574257425744
20.792079207920793
21.782178217821784
26.052104208416832
25.742574257425744
25.742574257425744
25.742574257425744
25.742574257425744
26.217228464419474
25.742574257425744
25.742574257425744
25.742574257425744
25.742574257425744
25.518341307814993
25.742574257425744
25.742574257425744
25.742574257425744
26.418786692759294
25.742574257425744
26.31578947368421
25.742574257425744
25.742574257425744
25.742574257425744
25.742574257425744
26.244952893674295
25.742574257425744
25.742574257425744
27.69230769230769
25.742574257425744
25.742574257425744
25.742574257425744
25.742574257425744
26.362038664323375
25.742574257425744
25.742574257425744
26.418786692759294
25.742574257425744
25.742574257425744
27.69230769230769
25.742574257425744
25.742574257425744
25.995125913891144
25.742574257425744
25.742574257425744
25.742574257425744
25.742574257425744
25.742574257425744
25.742574257425744
25.742574257425744
26.666666666666668
25.742574257425744
25.742574257425744
25.742574257425744
25.518341307814993
25.742574257425744
25.742574257425744
26.039058587881822
25.742574257425744
25.742574257425744
25.742574257425744
25.742574257425744
30.17241379310345
25.742574257425744
26.666666666666668
25.742574257425744
25.742574257425744
25.742574257425744
27.027027027027028
25.742574257425744
25.627044711014175
25.742574257425744
25.742574257425744
25.742574257425744
26.153846153846153
25.742574257425744
25.742574257425744
25.742574257425744
25.742574257425744
26.418786692759294
25.742574257425744
25.742574257425744
25.742574257425744
25.742574257425744
25.742574257425744
27.397260273972602
26.581118240146655
25.742574257425744
25.742574257425744
25.742574257425744
25.742574257425744
26.217228464419474
25.742574257425744
25.742574257425744
25.742574257425744
26.00896860986547
25.742574257425744
25.742574257425744
25.958702064896755
25.742574257425744
25.742574257425744
25.742574257425744
25.742574257425744
25.742574257425744
25.995125913891144
25.742574257425744
25.742574257425744
25.742574257425744
25.742574257425744
25.742574257425744
25.742574257425744
25.31645569620253
25.742574257425744
25.742574257425744
26.490066225165563
25.742574257425744
25.742574257425744
26.418786692759294
25.742574257425744
25.742574257425744
25.742574257425744
26.917900403768506
25.742574257425744
25.742574257425744
25.742574257425744
26.049973418394472
25.742574257425744
25.742574257425744
25.742574257425744
25.742574257425744
26.362038664323375
25.742574257425744
28.776978417266186
25.742574257425744
25.742574257425744
25.742574257425744
25.742574257425744
25.742574257425744
26.244952893674295
25.742574257425744
25.742574257425744
25.727069351230426
25.742574257425744
25.742574257425744
26.418786692759294
25.742574257425744
26.418786692759294
25.742574257425744
25.742574257425744
25.742574257425744
27.397260273972602
25.742574257425744
25.742574257425744
26.581118240146655
25.742574257425744
25.742574257425744
26.362038664323375
25.742574257425744
25.70694087403599
25.742574257425744
25.742574257425744
26.217228464419474
25.742574257425744
25.742574257425744
25.742574257425744
25.742574257425744
25.742574257425744
25.742574257425744
25.742574257425744
25.742574257425744
25.742574257425744
26.153846153846153
25.742574257425744
25.742574257425744
25.742574257425744
25.742574257425744
26.109660574412533
25.742574257425744
25.742574257425744
25.742574257425744
26.12994350282486
25.742574257425744
25.834230355220665
25.742574257425744
25.742574257425744
25.742574257425744
25.742574257425744
25.742574257425744
25.742574257425744
25.70694087403599
25.742574257425744
28.776978417266186
25.742574257425744
25.742574257425744
25.742574257425744
25.742574257425744
25.742574257425744
26.362038664323375
25.742574257425744
25.742574257425744
25.742574257425744
25.742574257425744
25.742574257425744
25.742574257425744
25.742574257425744
25.742574257425744
26.077097505668934
25.9525124240751
25.742574257425744
25.742574257425744
25.742574257425744
25.742574257425744
25.742574257425744
26.217228464419474
25.742574257425744
26.794258373205743
25.742574257425744
25.742574257425744
25.742574257425744
25.742574257425744
25.86206896551724
26.109660574412533
25.742574257425744
25.742574257425744
25.742574257425744
32.25806451612903
25.742574257425744
25.742574257425744
25.742574257425744
25.742574257425744
26.418786692759294
23.923444976076556
25.742574257425744
25.742574257425744
25.742574257425744
25.742574257425744
25.742574257425744
25.538307461191785
25.742574257425744
25.742574257425744
25.742574257425744
28.57142857142857
25.742574257425744
25.742574257425744
25.742574257425744
26.244952893674295
25.742574257425744
25.742574257425744
25.742574257425744
26.38888888888889
25.742574257425744
25.742574257425744
25.742574257425744
25.742574257425744
23.52941176470588
25.742574257425744
25.742574257425744
25.742574257425744
26.581118240146655
25.742574257425744
25.742574257425744
25.742574257425744
25.742574257425744
25.742574257425744
26.00896860986547
25.742574257425744
25.742574257425744
25.742574257425744
25.843503230437904
25.742574257425744
26.31578947368421
26.418786692759294
25.742574257425744
23.014105419450633
25.742574257425744
23.762376237623762
25.742574257425744
25.742574257425744
26.881720430107528
25.742574257425744
25.742574257425744
26.418786692759294
25.965801139962004
25.742574257425744
25.742574257425744
25.31645569620253
25.742574257425744
25.742574257425744
25.742574257425744
25.742574257425744
26.052104208416832
25.742574257425744
25.742574257425744
25.742574257425744
25.742574257425744
25.742574257425744
26.581118240146655
25.742574257425744
26.418786692759294
25.742574257425744
25.742574257425744
25.742574257425744
26.581118240146655
25.742574257425744
26.12994350282486
25.247524752475247
25.742574257425744
26.062322946175637
26.153846153846153
25.742574257425744
25.742574257425744
25.742574257425744
25.742574257425744
25.742574257425744
27.06027060270603
25.742574257425744
27.69230769230769
25.742574257425744
25.742574257425744
25.742574257425744
25.742574257425744
25.742574257425744
25.742574257425744
26.27737226277372
25.742574257425744
26.80747359870024
25.742574257425744
26.109660574412533
25.742574257425744
25.742574257425744
25.742574257425744
26.490066225165563
25.742574257425744
25.742574257425744
25.742574257425744
25.742574257425744
25.742574257425744
25.742574257425744
25.742574257425744
25.742574257425744
25.742574257425744
25.742574257425744
23.52941176470588
25.742574257425744
25.742574257425744
25.742574257425744
25.742574257425744
25.846153846153847
25.742574257425744
25.742574257425744
25.742574257425744
25.742574257425744
25.627044711014175
25.742574257425744
25.742574257425744
25.983667409057166
25.742574257425744
26.841448189762794
25.694444444444446
25.742574257425744
25.742574257425744
25.742574257425744
25.742574257425744
25.742574257425744
25.742574257425744
26.881720430107528
25.742574257425744
25.742574257425744
26.418786692759294
25.742574257425744
25.742574257425744
25.31645569620253
25.742574257425744
26.418786692759294
25.742574257425744
25.742574257425744
25.742574257425744
25.742574257425744
25.742574257425744
23.52941176470588
25.742574257425744
25.742574257425744
25.742574257425744
25.841816758026628
25.742574257425744
25.742574257425744
26.052104208416832
25.742574257425744
25.742574257425744
26.19324796274738
25.742574257425744
25.742574257425744
25.641025641025642
25.742574257425744
25.742574257425744
25.742574257425744
25.742574257425744
26.418786692759294
25.742574257425744
25.742574257425744
22.796352583586625
25.86206896551724
25.742574257425744
25.742574257425744
25.742574257425744
25.742574257425744
25.837320574162682
25.742574257425744
25.742574257425744
25.742574257425744
25.742574257425744
25.742574257425744
25.742574257425744
25.742574257425744
26.435045317220542
26.062322946175637
25.742574257425744
25.742574257425744
25.742574257425744
25.742574257425744
25.742574257425744
25.742574257425744
25.742574257425744
26.19324796274738
25.742574257425744
25.742574257425744
25.862068965517242
25.742574257425744
25.742574257425744
25.742574257425744
34.48275862068965
25.742574257425744
24.539877300613497
25.742574257425744
28.673835125448026
25.742574257425744
25.742574257425744
25.742574257425744
25.538307461191785
25.742574257425744
25.742574257425744
25.694444444444446
25.742574257425744
25.742574257425744
25.742574257425744
25.742574257425744
25.9525124240751
25.742574257425744
25.73529411764706
25.742574257425744
25.742574257425744
25.742574257425744
25.742574257425744
25.742574257425744
25.742574257425744
26.315789473684212
25.742574257425744
26.490066225165563
25.742574257425744
25.742574257425744
26.244952893674295
25.742574257425744
26.418786692759294
28.776978417266186
25.742574257425744
25.742574257425744
25.742574257425744
26.109660574412533
25.742574257425744
25.742574257425744
25.742574257425744
25.742574257425744
25.742574257425744
25.742574257425744
25.742574257425744
24.94331065759637
25.742574257425744
25.742574257425744
25.742574257425744
25.742574257425744
25.742574257425744
26.418786692759294
25.742574257425744
25.742574257425744
25.742574257425744
27.397260273972602
25.742574257425744
25.742574257425744
26.905829596412556
26.548672566371682
25.742574257425744
26.418786692759294
25.742574257425744
25.742574257425744
25.742574257425744
32.25806451612903
29.166666666666668
25.742574257425744
25.742574257425744
25.742574257425744
26.217228464419474
25.742574257425744
25.742574257425744
25.742574257425744
25.742574257425744
25.742574257425744
25.742574257425744
25.835866261398177
25.742574257425744
25.742574257425744
25.742574257425744
25.742574257425744
26.881720430107528
25.742574257425744
25.742574257425744
25.742574257425744
26.362038664323375
25.742574257425744
25.742574257425744
26.153846153846153
25.742574257425744
25.742574257425744
25.742574257425744
25.742574257425744
28.694404591104735
25.742574257425744
25.742574257425744
25.742574257425744
25.742574257425744
25.742574257425744
25.983667409057166
25.742574257425744
25.742574257425744
25.518341307814993
25.742574257425744
25.742574257425744
26.582278481012658
25.742574257425744
25.742574257425744
27.210884353741495
25.742574257425744
25.742574257425744
25.742574257425744
26.490066225165563
25.742574257425744
25.742574257425744
25.742574257425744
25.742574257425744
26.881720430107528
25.742574257425744
25.742574257425744
26.418786692759294
25.742574257425744
25.742574257425744
24.834437086092716
25.742574257425744
25.742574257425744
26.062322946175637
25.742574257425744
26.418786692759294
25.742574257425744
24.615384615384617
25.742574257425744
25.742574257425744
25.742574257425744
26.418786692759294
25.742574257425744
34.48275862068965
25.742574257425744
25.742574257425744
25.742574257425744
25.742574257425744
25.742574257425744
25.742574257425744
25.86206896551724
25.742574257425744
25.742574257425744
25.742574257425744
25.742574257425744
25.742574257425744
26.153846153846153
25.742574257425744
25.742574257425744
25.742574257425744
25.742574257425744
26.418786692759294
25.742574257425744
25.742574257425744
25.742574257425744
25.742574257425744
25.843503230437904
25.841816758026628
25.742574257425744
25.742574257425744
25.742574257425744
25.742574257425744
25.742574257425744
25.742574257425744
25.742574257425744
25.742574257425744
25.742574257425744
25.742574257425744
26.881720430107528
25.742574257425744
25.843503230437904
25.742574257425744
25.742574257425744
25.495750708215297
25.742574257425744
25.742574257425744
26.794258373205743
25.742574257425744
27.69230769230769
25.742574257425744
25.742574257425744
25.742574257425744
25.832376578645235
25.742574257425744
25.742574257425744
25.742574257425744
25.86206896551724
25.742574257425744
25.742574257425744
25.742574257425744
25.742574257425744
25.742574257425744
25.94706798131811
25.742574257425744
25.742574257425744
25.835866261398177
25.742574257425744
25.742574257425744
25.742574257425744
25.742574257425744
25.742574257425744
25.862068965517242
25.742574257425744
25.742574257425744
25.742574257425744
25.742574257425744
26.624902114330464
28.73563218390805
25.742574257425744
25.742574257425744
26.910656620021527
25.742574257425744
25.742574257425744
25.742574257425744
25.742574257425744
25.742574257425744
25.742574257425744
26.076409945421467
25.742574257425744
25.742574257425744
26.775320139697325
32.25806451612903
25.742574257425744
25.742574257425744
25.742574257425744
25.742574257425744
26.418786692759294
26.217228464419474
25.742574257425744
25.742574257425744
25.742574257425744
26.418786692759294
25.742574257425744
25.742574257425744
26.745913818722137
25.742574257425744
25.742574257425744
25.742574257425744
25.742574257425744
25.742574257425744
26.910656620021527
25.742574257425744
25.742574257425744
26.418786692759294
25.742574257425744
25.742574257425744
25.742574257425744
25.742574257425744
25.742574257425744
26.490066225165563
26.076409945421467
25.742574257425744
25.834230355220665
25.742574257425744
25.742574257425744
25.742574257425744
25.742574257425744
25.742574257425744
25.742574257425744
25.742574257425744
25.134649910233392
25.742574257425744
25.742574257425744
25.742574257425744
26.881720430107528
25.742574257425744
25.742574257425744
25.742574257425744
25.742574257425744
25.134649910233392
25.742574257425744
25.742574257425744
26.923076923076923
25.742574257425744
25.247524752475247
25.742574257425744
26.418786692759294
26.153846153846153
25.742574257425744
25.742574257425744
26.46153846153846
25.839793281653748
25.742574257425744
25.742574257425744
25.742574257425744
25.742574257425744
25.742574257425744
25.742574257425744
25.742574257425744
25.742574257425744
25.742574257425744
27.41514360313316
25.742574257425744
25.742574257425744
27.41514360313316
25.742574257425744
25.742574257425744
25.742574257425744
26.418786692759294
25.742574257425744
25.727069351230426
25.742574257425744
25.742574257425744
25.742574257425744
25.995125913891144
25.742574257425744
25.742574257425744
26.490066225165563
25.742574257425744
26.217228464419474
25.742574257425744
25.742574257425744
25.742574257425744
25.832376578645235
25.742574257425744
25.742574257425744
25.742574257425744
25.742574257425744
27.59381898454746
25.742574257425744
25.742574257425744
25.742574257425744
25.742574257425744
25.983667409057166
25.742574257425744
25.742574257425744
25.742574257425744
25.742574257425744
25.742574257425744
25.742574257425744
25.742574257425744
25.843503230437904
25.742574257425744
25.742574257425744
25.742574257425744
25.844930417495032
25.742574257425744
25.742574257425744
25.742574257425744
25.742574257425744
25.742574257425744
25.742574257425744
25.742574257425744
25.31645569620253
25.742574257425744
25.742574257425744
25.742574257425744
25.742574257425744
25.742574257425744
26.052104208416832
26.418786692759294
25.742574257425744
26.490066225165563
25.742574257425744
25.742574257425744
25.742574257425744
25.742574257425744
25.089605734767023
25.742574257425744
25.742574257425744
25.742574257425744
25.742574257425744
25.742574257425744
25.247524752475247
25.742574257425744
25.742574257425744
24.615384615384617
25.742574257425744
25.742574257425744
26.286353467561522
25.742574257425744
25.742574257425744
25.742574257425744
28.673835125448026
25.742574257425744
25.742574257425744
25.742574257425744
25.742574257425744
25.742574257425744
25.742574257425744
26.31578947368421
25.742574257425744
26.581118240146655
26.682838083687084
25.742574257425744
25.742574257425744
25.742574257425744
25.742574257425744
25.742574257425744
25.683512841756418
25.742574257425744
25.742574257425744
26.418786692759294
25.742574257425744
25.742574257425744
25.742574257425744
26.58160552897395
25.742574257425744
25.862068965517242
25.742574257425744
24.257425742574256
25.742574257425744
26.701119724375538
25.742574257425744
25.742574257425744
25.742574257425744
25.742574257425744
25.844930417495032
25.742574257425744
25.742574257425744
25.86206896551724
25.742574257425744
25.742574257425744
25.742574257425744
25.742574257425744
25.742574257425744
25.41466024612092
25.742574257425744
25.31645569620253
25.742574257425744
25.742574257425744
25.742574257425744
25.742574257425744
25.742574257425744
25.742574257425744
26.076409945421467
25.742574257425744
25.742574257425744
26.182432432432435
25.742574257425744
25.742574257425744
25.742574257425744
25.742574257425744
25.742574257425744
25.742574257425744
26.418786692759294
26.7260579064588
25.742574257425744
25.742574257425744
25.742574257425744
25.742574257425744
26.182432432432435
25.742574257425744
25.742574257425744
25.742574257425744
26.260504201680675
25.742574257425744
25.742574257425744
25.742574257425744
25.742574257425744
25.742574257425744
25.742574257425744
26.076409945421467
25.742574257425744
25.742574257425744
25.742574257425744
26.19324796274738
25.742574257425744
25.974025974025974
25.742574257425744
25.742574257425744
25.742574257425744
26.217228464419474
25.742574257425744
25.742574257425744
25.832376578645235
25.742574257425744
25.742574257425744
25.742574257425744
34.48275862068965
25.742574257425744
25.742574257425744
26.639344262295083
25.742574257425744
25.742574257425744
25.742574257425744
25.983667409057166
25.742574257425744
22.277227722772277
26.418786692759294
25.742574257425744
25.727069351230426
25.742574257425744
26.19324796274738
25.742574257425744
25.742574257425744
25.742574257425744
25.965801139962004
25.742574257425744
26.418786692759294
25.742574257425744
25.742574257425744
26.362038664323375
25.742574257425744
26.581118240146655
25.742574257425744
26.418786692759294
25.742574257425744
25.742574257425744
25.742574257425744
27.06027060270603
25.742574257425744
25.742574257425744
25.742574257425744
25.742574257425744
25.742574257425744
25.742574257425744
21.73913043478261
25.742574257425744
25.742574257425744
25.742574257425744
26.80747359870024
25.742574257425744
25.742574257425744
25.742574257425744
25.742574257425744
25.742574257425744
26.418786692759294
25.742574257425744
25.742574257425744
26.418786692759294
25.742574257425744
26.31578947368421
25.742574257425744
25.742574257425744
26.244952893674295
25.742574257425744
25.742574257425744
25.742574257425744
26.418786692759294
25.742574257425744
25.742574257425744
25.742574257425744
26.581118240146655
25.742574257425744
26.881720430107528
25.742574257425744
25.742574257425744
25.742574257425744
25.834230355220665
25.742574257425744
25.742574257425744
26.418786692759294
26.490066225165563
25.742574257425744
25.742574257425744
25.742574257425744
25.742574257425744
25.742574257425744
21.582733812949638
25.742574257425744
25.742574257425744
25.742574257425744
25.742574257425744
25.742574257425744
25.742574257425744
25.742574257425744
25.742574257425744
26.582278481012658
25.742574257425744
25.742574257425744
25.742574257425744
25.742574257425744
25.742574257425744
25.742574257425744
26.490066225165563
25.742574257425744
26.12994350282486
25.742574257425744
19.529293940911366
25.742574257425744
23.26732673267327
25.742574257425744
25.742574257425744
25.73529411764706
25.742574257425744
26.624902114330464
25.742574257425744
25.742574257425744
25.742574257425744
25.742574257425744
27.2596843615495
25.742574257425744
25.742574257425744
25.742574257425744
25.742574257425744
25.742574257425744
25.841816758026628
25.742574257425744
25.742574257425744
26.418786692759294
25.742574257425744
25.742574257425744
25.742574257425744
25.742574257425744
26.12994350282486
25.742574257425744
26.38888888888889
25.247524752475247
25.742574257425744
25.742574257425744
25.742574257425744
25.742574257425744
25.73529411764706
26.905829596412556
25.742574257425744
21.782178217821784
26.418786692759294
25.742574257425744
25.742574257425744
25.742574257425744
26.582278481012658
25.742574257425744
25.742574257425744
25.742574257425744
25.70694087403599
25.742574257425744
26.490066225165563
25.742574257425744
25.742574257425744
25.742574257425744
25.742574257425744
25.742574257425744
23.923444976076556
26.881720430107528
25.742574257425744
25.742574257425744
25.742574257425744
25.742574257425744
25.742574257425744
25.742574257425744
25.742574257425744
25.742574257425744
25.518341307814993
25.742574257425744
25.742574257425744
26.881720430107528
25.742574257425744
25.742574257425744
25.727069351230426
25.742574257425744
26.418786692759294
25.742574257425744
26.418786692759294
25.742574257425744
26.315789473684212
25.742574257425744
25.742574257425744
25.742574257425744
26.062322946175637
25.742574257425744
25.742574257425744
26.917900403768506
25.742574257425744
25.742574257425744
26.049973418394472
25.742574257425744
25.742574257425744
25.742574257425744
26.881720430107528
25.742574257425744
25.742574257425744
25.742574257425744
24.752475247524753
25.742574257425744
25.742574257425744
25.119617224880383
24.539877300613497
25.742574257425744
25.742574257425744
26.12994350282486
25.742574257425744
25.742574257425744
25.846153846153847
25.742574257425744
25.641025641025642
26.418786692759294
25.742574257425744
25.742574257425744
25.742574257425744
25.742574257425744
25.742574257425744
26.109660574412533
25.742574257425744
27.45098039215686
25.742574257425744
25.742574257425744
25.742574257425744
26.418786692759294
26.12994350282486
25.742574257425744
25.742574257425744
25.742574257425744
25.742574257425744
25.742574257425744
25.742574257425744
25.742574257425744
30.67484662576687
25.742574257425744
26.639344262295083
25.742574257425744
25.742574257425744
25.742574257425744
25.742574257425744
26.910656620021527
25.742574257425744
25.742574257425744
25.742574257425744
25.742574257425744
25.862068965517242
25.742574257425744
25.742574257425744
27.69230769230769
25.742574257425744
25.742574257425744
25.742574257425744
28.673835125448026
25.742574257425744
25.742574257425744
25.742574257425744
25.742574257425744
25.742574257425744
26.418786692759294
25.742574257425744
25.742574257425744
26.418786692759294
25.742574257425744
25.742574257425744
26.50469353948095
25.742574257425744
25.727069351230426
25.742574257425744
25.742574257425744
25.742574257425744
25.742574257425744
26.881720430107528
25.742574257425744
25.742574257425744
25.742574257425744
25.742574257425744
25.843503230437904
25.742574257425744
25.742574257425744
26.418786692759294
21.782178217821784
25.742574257425744
25.742574257425744
25.742574257425744
25.742574257425744
26.182432432432435
25.983667409057166
25.742574257425744
25.742574257425744
25.742574257425744
25.742574257425744
25.742574257425744
25.742574257425744
25.742574257425744
26.34961439588689
25.742574257425744
25.742574257425744
26.418786692759294
25.742574257425744
25.742574257425744
26.19324796274738
26.062322946175637
25.742574257425744
26.38888888888889
25.742574257425744
25.742574257425744
25.742574257425744
25.742574257425744
25.742574257425744
25.742574257425744
25.742574257425744
25.862068965517242
25.742574257425744
25.742574257425744
26.582278481012658
25.742574257425744
25.742574257425744
25.742574257425744
25.832376578645235
25.742574257425744
25.742574257425744
26.38888888888889
25.742574257425744
25.742574257425744
25.742574257425744
26.905829596412556
25.742574257425744
25.70694087403599
25.742574257425744
25.742574257425744
26.244952893674295
25.742574257425744
26.153846153846153
25.742574257425744
25.742574257425744
25.742574257425744
25.742574257425744
26.40642939150402
25.742574257425744
25.742574257425744
26.582278481012658
25.742574257425744
25.742574257425744
26.418786692759294
26.217228464419474
25.742574257425744
25.742574257425744
25.742574257425744
25.742574257425744
25.742574257425744
26.418786692759294
25.742574257425744
26.418786692759294
25.742574257425744
25.742574257425744
26.666666666666668
25.742574257425744
26.38888888888889
25.742574257425744
25.983667409057166
25.742574257425744
25.742574257425744
25.862068965517242
25.742574257425744
25.742574257425744
25.742574257425744
25.742574257425744
25.742574257425744
25.742574257425744
25.9525124240751
25.742574257425744
26.217228464419474
26.666666666666668
25.742574257425744
25.742574257425744
25.742574257425744
34.48275862068965
25.742574257425744
25.742574257425744
26.418786692759294
25.742574257425744
25.742574257425744
25.742574257425744
25.86206896551724
25.742574257425744
25.742574257425744
25.742574257425744
25.742574257425744
25.742574257425744
26.418786692759294
25.742574257425744
26.418786692759294
25.742574257425744
25.742574257425744
27.69230769230769
25.742574257425744
26.701119724375538
25.742574257425744
25.742574257425744
25.742574257425744
25.742574257425744
25.965801139962004
25.983667409057166
25.742574257425744
25.742574257425744
26.561378320172288
25.742574257425744
25.742574257425744
25.742574257425744
25.742574257425744
26.418786692759294
25.742574257425744
25.742574257425744
25.742574257425744
25.742574257425744
25.742574257425744
26.315789473684212
25.742574257425744
25.742574257425744
25.742574257425744
25.134649910233392
25.742574257425744
25.742574257425744
25.742574257425744
25.742574257425744
25.742574257425744
26.418786692759294
25.742574257425744
25.742574257425744
25.830258302583026
25.742574257425744
25.742574257425744
25.742574257425744
25.862068965517242
25.742574257425744
25.742574257425744
25.846153846153847
25.742574257425744
25.742574257425744
27.77777777777778
25.742574257425744
25.742574257425744
25.742574257425744
25.834230355220665
25.742574257425744
32.25806451612903
25.742574257425744
25.742574257425744
26.881720430107528
25.742574257425744
26.418786692759294
25.742574257425744
